10579
10746
11387
11540
1452
16492
16784
17521
18088
18604
18805
1942
19985
2092
21035
21803
22545
22667
22822
25564
26377
26508
26994
28351
28482
28484
28760
29022
29630
30308
32746
33446
34381
36191
36732
38028
39532
39655
39749
40143
41996
42380
42677
42753
42865
42867
43208
43392
43753
43757
44371
44374
44537
45214
4548
47014
47713
49110
49439
4995
50515
50911
51174
51257
51632
52565
53271
53472
54184
54363
54600
54783
55227
55279
55293
55465
55498
55824
55922
55963
56191
56285
56985
57063
57522
57528
58494
58829
59450
59523
60858
60977
61312
61454
62040
62233
62331
62332
62872
62940
63545
63770
63882
64342
64964
65074
65092
65206
65346
65730
65960
65961
67583
67696
67701
67702
67928
69185
69312
69315
69321
69430
69445
69565
69566
69778
70030
70032
70088
70275
70277
70626
70761
71036
71501
72107
72338
73126
73188
73919
75059
75136
75933
75936
75943
76184
76829
76832
77057
77582
78174
78406
8011
80262
80480
80765
82074
82473
82787
82801
82803
82808
82815
83283
83304
83411
8351
83582
83586
83678
84028
84030
84253
84353
84507
84618
84622
84640
84721
85084
85152
85675
85676
86039
86045
86231
86833
87095
87096
8853
88789
89475
89746
89764
89768
9146
9148
9151
9155
