10256
10257
10258
10262
10322
10401
10419
10506
10507
10516
10518
10519
10522
10576
10579
10582
10746
10847
10848
10849
10851
10909
10911
10941
10943
10944
10953
11009
11031
11166
11167
11168
11255
11364
11381
11385
11387
11391
11540
11542
11556
11560
11701
11866
11879
11880
11882
11887
11891
11897
12232
12235
12238
12240
12295
12296
12319
12323
12447
12517
12648
12650
13054
13064
13069
13236
13256
13324
13329
13350
13351
13352
13353
13354
13355
13357
13358
13359
1336
13360
13361
13447
1354
13566
13568
1361
1362
1363
13652
13653
13659
13660
13661
13663
13759
1376
1377
1378
1382
13881
13935
13937
13938
14094
1414
1417
14205
1421
14247
14249
1427
14280
1429
14296
14299
1438
1449
1450
1452
1453
1458
1475
1476
1477
14773
14777
1483
1484
14872
14976
15009
15129
15166
15215
15219
15325
15326
15368
15370
15371
15476
15479
15481
15534
15535
15538
15540
15566
1563
15679
15680
15688
15692
15701
15724
15725
15729
15734
15927
15929
15935
15937
15941
15945
15950
1600
16104
16106
16108
16293
16386
16387
16388
16390
16391
16487
16492
16493
16495
16499
16500
16501
16512
16532
16533
16653
16654
16656
16784
16785
16786
16788
16792
16862
17119
1724
1731
17322
17394
17487
17491
17512
17515
17518
17521
17524
17527
17667
17668
17669
17754
17809
17810
17818
17839
17841
17842
17844
1792
17936
17938
17940
17952
17953
17954
18001
18007
1803
18088
1814
18193
18214
18221
18604
18804
18805
18808
19147
19165
19287
19288
19330
19366
19367
19368
19369
1941
1942
19439
19461
19464
19592
19722
19727
19729
19767
19803
19860
1993
1994
19985
19986
20102
20103
20253
20257
20268
20697
20729
20731
20777
20815
2092
21035
21050
21096
21097
21125
21130
21195
21380
2157
21803
22352
22355
22532
22543
22545
22564
22664
22667
22822
22824
23015
23025
23171
23234
23406
23490
23502
23507
23614
23616
23624
23811
23812
2386
23860
24020
24124
24128
2455
24576
24774
24886
24992
24994
25185
25190
25191
25192
25252
25338
25465
25471
25472
25473
25564
25565
25567
2561
2563
2564
2569
25874
26284
26287
26288
26289
26372
26376
26377
26378
26379
26382
26383
26384
26387
26447
26457
26504
26506
26507
26508
26677
26678
26679
2673
26755
26836
26839
26840
26841
26916
26993
26994
26995
26996
26997
2700
27004
27130
27131
2718
27244
27246
27274
27276
27280
27576
27593
27615
27628
27631
27632
27804
27810
27838
27856
27930
27942
28012
28018
28022
2806
28333
28342
28344
28346
28351
28392
28441
28459
28460
28463
28465
28473
28476
28478
28480
28481
28482
28484
28485
28497
28611
28620
28627
2876
28760
28776
28778
28786
28787
28885
29017
29022
29025
29033
29036
29149
29151
29154
29155
29166
29193
29266
29267
29278
29307
29312
29343
29376
29430
2945
29453
29454
29457
2946
29511
29513
29515
29545
29549
29629
29630
29631
29632
29633
29664
29677
29707
29710
29721
29755
29843
29845
29967
29987
2999
30025
30122
30123
30218
30308
30370
3039
3075
3103
3105
31060
31065
31205
31206
31207
31271
31273
31348
31352
31544
31545
32018
32222
32235
32236
3242
3243
3244
3245
3247
32509
32514
32521
32581
32587
32590
32741
32746
32749
32871
32873
32874
32875
32876
33037
33040
33201
33336
33424
33425
33435
33438
33441
33443
33445
33446
33561
33909
34014
34016
34226
34342
34344
34376
34381
34540
34544
34820
34824
34871
34872
3499
3500
35065
35071
35219
35224
35225
35543
35544
35546
35548
3558
35849
35851
35856
35863
35877
35913
36185
36187
36191
36556
36693
36711
36732
36783
36785
36900
36901
36902
37016
37017
37020
37263
37274
37408
37419
37422
37424
37428
37491
37701
3771
37808
38027
38028
38030
38033
38415
38533
38627
39184
39186
39187
39189
39190
39191
39193
39257
39258
39263
39531
39532
39534
39536
39537
39538
39540
39653
39654
39655
39674
39676
39743
39749
40137
40138
40140
40141
40143
40144
40145
40146
40513
40630
40644
40803
41003
41012
41058
41202
4125
4126
41647
41650
41652
41653
41683
41856
41994
41996
4202
4203
4204
42284
42376
42380
42677
42678
42724
4273
4275
42753
4277
4284
42865
42866
42867
42898
42899
42900
42901
43204
43207
43208
43209
43390
43392
43753
43755
43757
43818
43824
43832
43940
43967
43968
43969
4407
4408
4409
44218
44219
44369
44370
44371
44374
44384
44388
44395
44396
44401
44404
44480
44481
44482
44535
44536
44537
44538
44539
44540
44675
44676
44862
44864
44866
44878
44889
44892
44893
44894
44966
45140
45211
45214
45216
45348
45354
4548
4551
4554
4556
4557
4559
45716
45951
45952
46127
46691
46923
47004
47013
47014
47283
47710
47711
47712
47713
47886
47972
48286
48430
48552
48666
48669
48771
48974
49110
49226
49231
49236
49246
49258
4935
4937
49439
49459
49774
49780
49781
4993
4994
49943
49945
4995
50128
50136
50139
50334
50398
50480
50492
50493
50494
50515
50621
50808
50911
50912
50913
50914
50921
51119
51174
51196
51199
51257
51366
51528
51532
51555
51632
5191
51966
5197
52012
52013
52016
5203
5207
52114
5212
5215
5218
5222
5228
5231
52314
52316
52387
52561
52563
52565
52577
52733
52737
52739
52919
53008
53220
53271
53291
53352
53468
53472
53475
53491
53495
53500
53502
53503
53504
53514
53520
54184
54200
54201
54203
54242
54356
54361
54363
54593
54598
54600
54603
54604
54608
54769
54782
54783
54787
54789
54792
54793
54886
54891
54893
54894
54896
54899
54914
54924
54930
54931
55100
55104
55117
55165
55172
55226
55227
55228
55229
55264
55266
55279
55292
55293
55408
55465
55485
55487
55489
55497
55498
55500
55501
55513
55530
55559
55646
55647
55824
55917
55922
55925
55953
55963
56096
56191
56263
56285
56316
56540
56559
56663
56727
56845
56848
56985
57061
57063
57064
57086
57092
57235
57439
57444
57522
57524
57528
57753
57854
57855
57859
57860
57878
57882
5810
5811
58278
58279
58415
58416
58417
58419
58494
58495
58497
58600
58829
58860
58949
59027
59128
59137
59333
59450
59523
5972
59735
59736
60133
60264
60266
60268
60271
60272
60276
60278
60280
60449
60601
60768
60858
60953
60954
60955
60956
60977
60983
60986
61064
61066
61115
61274
61278
61312
61337
61452
61454
61658
61659
61677
61679
61680
61930
62027
62040
62043
62078
62221
62225
62233
62331
62332
62350
62353
62567
62589
62621
62872
62939
62940
62941
62943
63047
63048
63050
63051
63052
63107
6318
63184
63213
63311
63312
63538
63545
6375
63767
63770
63856
63881
63882
64233
64341
64342
6458
64671
64796
64963
64964
64965
65074
65091
65092
65095
65187
65188
65189
65190
65191
65192
65206
65207
65208
65209
65210
65211
65212
65213
65326
65327
65346
65633
65635
65640
65730
65960
65961
66181
66288
66301
66305
66310
66313
6635
6636
6643
66971
67177
67178
67182
67183
6724
67400
67447
67553
67580
67582
67583
67584
67696
67701
67702
67703
67928
68083
68084
68085
68226
68288
68289
68737
68738
68917
68998
69151
69178
69185
69231
69312
69315
69321
69324
69326
69428
69430
69436
69445
69448
69449
69562
69565
69566
69567
69663
69750
69775
69776
69778
69829
69831
69833
69834
69835
69837
70012
70017
70018
70020
70022
70023
70024
70030
70032
70082
70088
70166
70274
70275
70277
70456
70523
70614
70616
70625
70626
70628
70629
70630
70760
70761
71032
71033
71035
71036
71037
71039
71099
71100
71101
71106
71297
71501
71640
71649
71666
71732
71733
71857
72105
72107
72110
72335
72336
72337
72338
72373
72456
72764
73126
73186
73188
73446
73525
73670
73788
73833
73919
73920
73921
74068
74177
74357
74485
74494
74496
74501
74608
74730
74767
74775
75051
75057
75058
75059
75060
75061
75063
75072
75136
75140
75151
75237
75339
75706
75813
75828
75829
75859
7588
75933
75934
75935
75936
75937
75938
75939
75941
75942
75943
75944
75945
75946
75947
75959
75995
76001
76035
76132
76184
76303
76388
76483
76503
76505
76829
76831
76832
76833
76947
77057
77135
77285
77570
77578
77580
77582
77585
77768
7779
7781
77844
77845
78132
78135
78166
78171
78172
78174
78190
78295
78406
78433
78506
78809
78998
79008
79104
79415
79769
79961
80057
8011
80238
80244
80246
80248
80250
80254
80260
80262
80495
80571
80579
8073
80765
81146
81177
81180
81434
8144
8146
8148
8149
8150
8153
81784
82042
82055
82057
82063
82064
82065
82073
82074
82338
82473
82482
82649
82665
82666
82787
82788
82789
82791
82793
82795
82799
82801
82803
82805
82807
82808
82811
82814
82815
82816
82818
82837
82965
82968
82970
83189
83191
83194
83283
83293
83303
83304
83305
83342
83343
83404
83406
83407
83408
83410
83411
83494
83496
8351
83534
83580
83582
83583
83584
83585
83586
83587
83602
83604
83605
83623
83626
83627
83641
83658
83660
83678
83679
83680
83897
83899
83939
84010
84024
84026
84029
84030
84031
84032
8408
84113
84215
84253
84254
84326
84347
84353
84405
84406
84411
84506
84507
84618
84622
84640
84719
84721
84872
85005
85084
85085
85086
85088
85145
85152
85415
85675
85676
85678
85683
85765
85887
86039
86045
86046
86099
86138
86157
86231
86424
86610
86611
86831
86833
86835
87010
87034
87046
87095
87096
87101
8715
87180
87273
87294
87435
87463
87491
87500
87508
87546
87697
87698
87745
87917
88067
88257
88262
88326
8836
8851
8853
8856
88595
88789
88936
8904
89049
89050
89053
89145
89215
89305
89451
89475
89476
89626
89629
89746
89748
89751
89764
89765
89768
89885
90022
90118
90119
90126
90251
9027
90330
90331
90332
90400
90487
90492
90559
90560
90747
91006
91086
91087
91109
91110
91116
91339
91341
91342
91343
91447
91449
9146
91464
9148
9150
9151
9152
9155
9158
9162
9164
9550
9900
9901
9987
